Generation	NumSamples	Depth	TargetSampleSize	ActualSampleSize
0.000000	1	0	100	1
0.000000	1	1	100	1
0.000000	1	2	100	1
0.000000	1	3	100	1
0.000000	1	4	100	1
0.000000	1	5	100	1
0.000000	1	6	100	1
0.000000	1	7	100	1
0.000000	1	8	100	1
0.000000	1	9	100	1
0.000000	1	10	100	1
0.000000	1	0	1000	1
0.000000	1	1	1000	1
0.000000	1	2	1000	1
0.000000	1	3	1000	1
0.000000	1	4	1000	1
0.000000	1	5	1000	1
0.000000	1	6	1000	1
0.000000	1	7	1000	1
0.000000	1	8	1000	1
0.000000	1	9	1000	1
0.000000	1	10	1000	1
0.000000	2	0	200	2
0.000000	2	1	200	2
0.000000	2	2	200	2
0.000000	2	3	200	2
0.000000	2	4	200	2
0.000000	2	5	200	2
0.000000	2	6	200	2
0.000000	2	7	200	2
0.000000	2	8	200	2
0.000000	2	9	200	2
0.000000	2	10	200	2
0.000000	2	0	2000	2
0.000000	2	1	2000	2
0.000000	2	2	2000	2
0.000000	2	3	2000	2
0.000000	2	4	2000	2
0.000000	2	5	2000	2
0.000000	2	6	2000	2
0.000000	2	7	2000	2
0.000000	2	8	2000	2
0.000000	2	9	2000	2
0.000000	2	10	2000	2
0.000000	4	0	400	4
0.000000	4	1	400	4
0.000000	4	2	400	4
0.000000	4	3	400	4
0.000000	4	4	400	4
0.000000	4	5	400	4
0.000000	4	6	400	4
0.000000	4	7	400	4
0.000000	4	8	400	4
0.000000	4	9	400	4
0.000000	4	10	400	4
0.000000	4	0	4000	4
0.000000	4	1	4000	4
0.000000	4	2	4000	4
0.000000	4	3	4000	4
0.000000	4	4	4000	4
0.000000	4	5	4000	4
0.000000	4	6	4000	4
0.000000	4	7	4000	4
0.000000	4	8	4000	4
0.000000	4	9	4000	4
0.000000	4	10	4000	4
10.006528	1	0	100	83
10.006528	1	1	100	83
10.006528	1	2	100	83
10.006528	1	3	100	83
10.006528	1	4	100	83
10.006528	1	5	100	83
10.006528	1	6	100	83
10.006528	1	7	100	83
10.006528	1	8	100	83
10.006528	1	9	100	83
10.006528	1	10	100	83
10.006528	1	0	1000	83
10.006528	1	1	1000	83
10.006528	1	2	1000	83
10.006528	1	3	1000	83
10.006528	1	4	1000	83
10.006528	1	5	1000	83
10.006528	1	6	1000	83
10.006528	1	7	1000	83
10.006528	1	8	1000	83
10.006528	1	9	1000	83
10.006528	1	10	1000	83
10.006528	2	0	200	166
10.006528	2	1	200	166
10.006528	2	2	200	166
10.006528	2	3	200	166
10.006528	2	4	200	166
10.006528	2	5	200	166
10.006528	2	6	200	166
10.006528	2	7	200	166
10.006528	2	8	200	166
10.006528	2	9	200	166
10.006528	2	10	200	166
10.006528	2	0	2000	166
10.006528	2	1	2000	166
10.006528	2	2	2000	166
10.006528	2	3	2000	166
10.006528	2	4	2000	166
10.006528	2	5	2000	166
10.006528	2	6	2000	166
10.006528	2	7	2000	166
10.006528	2	8	2000	166
10.006528	2	9	2000	166
10.006528	2	10	2000	166
10.006528	4	0	400	332
10.006528	4	1	400	332
10.006528	4	2	400	332
10.006528	4	3	400	332
10.006528	4	4	400	332
10.006528	4	5	400	332
10.006528	4	6	400	332
10.006528	4	7	400	332
10.006528	4	8	400	332
10.006528	4	9	400	332
10.006528	4	10	400	332
10.006528	4	0	4000	332
10.006528	4	1	4000	332
10.006528	4	2	4000	332
10.006528	4	3	4000	332
10.006528	4	4	4000	332
10.006528	4	5	4000	332
10.006528	4	6	4000	332
10.006528	4	7	4000	332
10.006528	4	8	4000	332
10.006528	4	9	4000	332
10.006528	4	10	4000	332
20.015703	1	0	100	77
20.015703	1	1	100	77
20.015703	1	2	100	77
20.015703	1	3	100	77
20.015703	1	4	100	77
20.015703	1	5	100	77
20.015703	1	6	100	77
20.015703	1	7	100	77
20.015703	1	8	100	77
20.015703	1	9	100	77
20.015703	1	10	100	77
20.015703	1	0	1000	77
20.015703	1	1	1000	77
20.015703	1	2	1000	77
20.015703	1	3	1000	77
20.015703	1	4	1000	77
20.015703	1	5	1000	77
20.015703	1	6	1000	77
20.015703	1	7	1000	77
20.015703	1	8	1000	77
20.015703	1	9	1000	77
20.015703	1	10	1000	77
20.015703	2	0	200	154
20.015703	2	1	200	154
20.015703	2	2	200	154
20.015703	2	3	200	154
20.015703	2	4	200	154
20.015703	2	5	200	154
20.015703	2	6	200	154
20.015703	2	7	200	154
20.015703	2	8	200	154
20.015703	2	9	200	154
20.015703	2	10	200	154
20.015703	2	0	2000	154
20.015703	2	1	2000	154
20.015703	2	2	2000	154
20.015703	2	3	2000	154
20.015703	2	4	2000	154
20.015703	2	5	2000	154
20.015703	2	6	2000	154
20.015703	2	7	2000	154
20.015703	2	8	2000	154
20.015703	2	9	2000	154
20.015703	2	10	2000	154
20.015703	4	0	400	308
20.015703	4	1	400	308
20.015703	4	2	400	308
20.015703	4	3	400	308
20.015703	4	4	400	308
20.015703	4	5	400	308
20.015703	4	6	400	308
20.015703	4	7	400	308
20.015703	4	8	400	308
20.015703	4	9	400	308
20.015703	4	10	400	308
20.015703	4	0	4000	308
20.015703	4	1	4000	308
20.015703	4	2	4000	308
20.015703	4	3	4000	308
20.015703	4	4	4000	308
20.015703	4	5	4000	308
20.015703	4	6	4000	308
20.015703	4	7	4000	308
20.015703	4	8	4000	308
20.015703	4	9	4000	308
20.015703	4	10	4000	308
30.036478	1	0	100	100
30.036478	1	1	100	100
30.036478	1	2	100	100
30.036478	1	3	100	100
30.036478	1	4	100	100
30.036478	1	5	100	100
30.036478	1	6	100	100
30.036478	1	7	100	100
30.036478	1	8	100	100
30.036478	1	9	100	100
30.036478	1	10	100	100
30.036478	1	0	1000	174
30.036478	1	1	1000	174
30.036478	1	2	1000	174
30.036478	1	3	1000	174
30.036478	1	4	1000	174
30.036478	1	5	1000	174
30.036478	1	6	1000	174
30.036478	1	7	1000	174
30.036478	1	8	1000	174
30.036478	1	9	1000	174
30.036478	1	10	1000	174
30.036478	2	0	200	200
30.036478	2	1	200	200
30.036478	2	2	200	200
30.036478	2	3	200	200
30.036478	2	4	200	200
30.036478	2	5	200	200
30.036478	2	6	200	200
30.036478	2	7	200	200
30.036478	2	8	200	200
30.036478	2	9	200	200
30.036478	2	10	200	200
30.036478	2	0	2000	348
30.036478	2	1	2000	348
30.036478	2	2	2000	348
30.036478	2	3	2000	348
30.036478	2	4	2000	348
30.036478	2	5	2000	348
30.036478	2	6	2000	348
30.036478	2	7	2000	348
30.036478	2	8	2000	348
30.036478	2	9	2000	348
30.036478	2	10	2000	348
30.036478	4	0	400	400
30.036478	4	1	400	400
30.036478	4	2	400	400
30.036478	4	3	400	400
30.036478	4	4	400	400
30.036478	4	5	400	400
30.036478	4	6	400	400
30.036478	4	7	400	400
30.036478	4	8	400	400
30.036478	4	9	400	400
30.036478	4	10	400	400
30.036478	4	0	4000	696
30.036478	4	1	4000	696
30.036478	4	2	4000	696
30.036478	4	3	4000	696
30.036478	4	4	4000	696
30.036478	4	5	4000	696
30.036478	4	6	4000	696
30.036478	4	7	4000	696
30.036478	4	8	4000	696
30.036478	4	9	4000	696
30.036478	4	10	4000	696
40.044815	1	0	100	100
40.044815	1	1	100	100
40.044815	1	2	100	100
40.044815	1	3	100	100
40.044815	1	4	100	100
40.044815	1	5	100	100
40.044815	1	6	100	100
40.044815	1	7	100	100
40.044815	1	8	100	100
40.044815	1	9	100	100
40.044815	1	10	100	100
40.044815	1	0	1000	232
40.044815	1	1	1000	232
40.044815	1	2	1000	232
40.044815	1	3	1000	232
40.044815	1	4	1000	232
40.044815	1	5	1000	232
40.044815	1	6	1000	232
40.044815	1	7	1000	232
40.044815	1	8	1000	232
40.044815	1	9	1000	232
40.044815	1	10	1000	232
40.044815	2	0	200	200
40.044815	2	1	200	200
40.044815	2	2	200	200
40.044815	2	3	200	200
40.044815	2	4	200	200
40.044815	2	5	200	200
40.044815	2	6	200	200
40.044815	2	7	200	200
40.044815	2	8	200	200
40.044815	2	9	200	200
40.044815	2	10	200	200
40.044815	2	0	2000	464
40.044815	2	1	2000	464
40.044815	2	2	2000	464
40.044815	2	3	2000	464
40.044815	2	4	2000	464
40.044815	2	5	2000	464
40.044815	2	6	2000	464
40.044815	2	7	2000	464
40.044815	2	8	2000	464
40.044815	2	9	2000	464
40.044815	2	10	2000	464
40.044815	4	0	400	301
40.044815	4	1	400	301
40.044815	4	2	400	301
40.044815	4	3	400	305
40.044815	4	4	400	323
40.044815	4	5	400	345
40.044815	4	6	400	370
40.044815	4	7	400	394
40.044815	4	8	400	400
40.044815	4	9	400	400
40.044815	4	10	400	400
40.044815	4	0	4000	777
40.044815	4	1	4000	819
40.044815	4	2	4000	865
40.044815	4	3	4000	914
40.044815	4	4	4000	928
40.044815	4	5	4000	928
40.044815	4	6	4000	928
40.044815	4	7	4000	928
40.044815	4	8	4000	928
40.044815	4	9	4000	928
40.044815	4	10	4000	928
50.051483	1	0	100	100
50.051483	1	1	100	100
50.051483	1	2	100	100
50.051483	1	3	100	100
50.051483	1	4	100	100
50.051483	1	5	100	100
50.051483	1	6	100	100
50.051483	1	7	100	100
50.051483	1	8	100	100
50.051483	1	9	100	100
50.051483	1	10	100	100
50.051483	1	0	1000	328
50.051483	1	1	1000	328
50.051483	1	2	1000	328
50.051483	1	3	1000	328
50.051483	1	4	1000	328
50.051483	1	5	1000	328
50.051483	1	6	1000	328
50.051483	1	7	1000	328
50.051483	1	8	1000	328
50.051483	1	9	1000	328
50.051483	1	10	1000	328
50.051483	2	0	200	200
50.051483	2	1	200	200
50.051483	2	2	200	200
50.051483	2	3	200	200
50.051483	2	4	200	200
50.051483	2	5	200	200
50.051483	2	6	200	200
50.051483	2	7	200	200
50.051483	2	8	200	200
50.051483	2	9	200	200
50.051483	2	10	200	200
50.051483	2	0	2000	656
50.051483	2	1	2000	656
50.051483	2	2	2000	656
50.051483	2	3	2000	656
50.051483	2	4	2000	656
50.051483	2	5	2000	656
50.051483	2	6	2000	656
50.051483	2	7	2000	656
50.051483	2	8	2000	656
50.051483	2	9	2000	656
50.051483	2	10	2000	656
50.051483	4	0	400	400
50.051483	4	1	400	400
50.051483	4	2	400	400
50.051483	4	3	400	400
50.051483	4	4	400	400
50.051483	4	5	400	400
50.051483	4	6	400	400
50.051483	4	7	400	400
50.051483	4	8	400	400
50.051483	4	9	400	400
50.051483	4	10	400	400
50.051483	4	0	4000	1312
50.051483	4	1	4000	1312
50.051483	4	2	4000	1312
50.051483	4	3	4000	1312
50.051483	4	4	4000	1312
50.051483	4	5	4000	1312
50.051483	4	6	4000	1312
50.051483	4	7	4000	1312
50.051483	4	8	4000	1312
50.051483	4	9	4000	1312
50.051483	4	10	4000	1312
60.064175	1	0	100	100
60.064175	1	1	100	100
60.064175	1	2	100	100
60.064175	1	3	100	100
60.064175	1	4	100	100
60.064175	1	5	100	100
60.064175	1	6	100	100
60.064175	1	7	100	100
60.064175	1	8	100	100
60.064175	1	9	100	100
60.064175	1	10	100	100
60.064175	1	0	1000	441
60.064175	1	1	1000	441
60.064175	1	2	1000	441
60.064175	1	3	1000	441
60.064175	1	4	1000	441
60.064175	1	5	1000	441
60.064175	1	6	1000	441
60.064175	1	7	1000	441
60.064175	1	8	1000	441
60.064175	1	9	1000	441
60.064175	1	10	1000	441
60.064175	2	0	200	200
60.064175	2	1	200	200
60.064175	2	2	200	200
60.064175	2	3	200	200
60.064175	2	4	200	200
60.064175	2	5	200	200
60.064175	2	6	200	200
60.064175	2	7	200	200
60.064175	2	8	200	200
60.064175	2	9	200	200
60.064175	2	10	200	200
60.064175	2	0	2000	882
60.064175	2	1	2000	882
60.064175	2	2	2000	882
60.064175	2	3	2000	882
60.064175	2	4	2000	882
60.064175	2	5	2000	882
60.064175	2	6	2000	882
60.064175	2	7	2000	882
60.064175	2	8	2000	882
60.064175	2	9	2000	882
60.064175	2	10	2000	882
60.064175	4	0	400	400
60.064175	4	1	400	400
60.064175	4	2	400	400
60.064175	4	3	400	400
60.064175	4	4	400	400
60.064175	4	5	400	400
60.064175	4	6	400	400
60.064175	4	7	400	400
60.064175	4	8	400	400
60.064175	4	9	400	400
60.064175	4	10	400	400
60.064175	4	0	4000	1764
60.064175	4	1	4000	1764
60.064175	4	2	4000	1764
60.064175	4	3	4000	1764
60.064175	4	4	4000	1764
60.064175	4	5	4000	1764
60.064175	4	6	4000	1764
60.064175	4	7	4000	1764
60.064175	4	8	4000	1764
60.064175	4	9	4000	1764
60.064175	4	10	4000	1764
70.070374	1	0	100	100
70.070374	1	1	100	100
70.070374	1	2	100	100
70.070374	1	3	100	100
70.070374	1	4	100	100
70.070374	1	5	100	100
70.070374	1	6	100	100
70.070374	1	7	100	100
70.070374	1	8	100	100
70.070374	1	9	100	100
70.070374	1	10	100	100
70.070374	1	0	1000	486
70.070374	1	1	1000	486
70.070374	1	2	1000	486
70.070374	1	3	1000	486
70.070374	1	4	1000	486
70.070374	1	5	1000	486
70.070374	1	6	1000	486
70.070374	1	7	1000	486
70.070374	1	8	1000	486
70.070374	1	9	1000	486
70.070374	1	10	1000	486
70.070374	2	0	200	200
70.070374	2	1	200	200
70.070374	2	2	200	200
70.070374	2	3	200	200
70.070374	2	4	200	200
70.070374	2	5	200	200
70.070374	2	6	200	200
70.070374	2	7	200	200
70.070374	2	8	200	200
70.070374	2	9	200	200
70.070374	2	10	200	200
70.070374	2	0	2000	972
70.070374	2	1	2000	972
70.070374	2	2	2000	972
70.070374	2	3	2000	972
70.070374	2	4	2000	972
70.070374	2	5	2000	972
70.070374	2	6	2000	972
70.070374	2	7	2000	972
70.070374	2	8	2000	972
70.070374	2	9	2000	972
70.070374	2	10	2000	972
70.070374	4	0	400	311
70.070374	4	1	400	311
70.070374	4	2	400	311
70.070374	4	3	400	315
70.070374	4	4	400	330
70.070374	4	5	400	353
70.070374	4	6	400	377
70.070374	4	7	400	396
70.070374	4	8	400	400
70.070374	4	9	400	400
70.070374	4	10	400	400
70.070374	4	0	4000	1548
70.070374	4	1	4000	1589
70.070374	4	2	4000	1635
70.070374	4	3	4000	1683
70.070374	4	4	4000	1733
70.070374	4	5	4000	1782
70.070374	4	6	4000	1829
70.070374	4	7	4000	1866
70.070374	4	8	4000	1944
70.070374	4	9	4000	1944
70.070374	4	10	4000	1944
80.074944	1	0	100	100
80.074944	1	1	100	100
80.074944	1	2	100	100
80.074944	1	3	100	100
80.074944	1	4	100	100
80.074944	1	5	100	100
80.074944	1	6	100	100
80.074944	1	7	100	100
80.074944	1	8	100	100
80.074944	1	9	100	100
80.074944	1	10	100	100
80.074944	1	0	1000	547
80.074944	1	1	1000	547
80.074944	1	2	1000	547
80.074944	1	3	1000	547
80.074944	1	4	1000	547
80.074944	1	5	1000	547
80.074944	1	6	1000	547
80.074944	1	7	1000	547
80.074944	1	8	1000	547
80.074944	1	9	1000	547
80.074944	1	10	1000	547
80.074944	2	0	200	200
80.074944	2	1	200	200
80.074944	2	2	200	200
80.074944	2	3	200	200
80.074944	2	4	200	200
80.074944	2	5	200	200
80.074944	2	6	200	200
80.074944	2	7	200	200
80.074944	2	8	200	200
80.074944	2	9	200	200
80.074944	2	10	200	200
80.074944	2	0	2000	1094
80.074944	2	1	2000	1094
80.074944	2	2	2000	1094
80.074944	2	3	2000	1094
80.074944	2	4	2000	1094
80.074944	2	5	2000	1094
80.074944	2	6	2000	1094
80.074944	2	7	2000	1094
80.074944	2	8	2000	1094
80.074944	2	9	2000	1094
80.074944	2	10	2000	1094
80.074944	4	0	400	343
80.074944	4	1	400	343
80.074944	4	2	400	343
80.074944	4	3	400	344
80.074944	4	4	400	359
80.074944	4	5	400	378
80.074944	4	6	400	390
80.074944	4	7	400	394
80.074944	4	8	400	400
80.074944	4	9	400	400
80.074944	4	10	400	400
80.074944	4	0	4000	1763
80.074944	4	1	4000	1802
80.074944	4	2	4000	1845
80.074944	4	3	4000	1889
80.074944	4	4	4000	1937
80.074944	4	5	4000	1983
80.074944	4	6	4000	2029
80.074944	4	7	4000	2069
80.074944	4	8	4000	2188
80.074944	4	9	4000	2188
80.074944	4	10	4000	2188
90.081924	1	0	100	100
90.081924	1	1	100	100
90.081924	1	2	100	100
90.081924	1	3	100	100
90.081924	1	4	100	100
90.081924	1	5	100	100
90.081924	1	6	100	100
90.081924	1	7	100	100
90.081924	1	8	100	100
90.081924	1	9	100	100
90.081924	1	10	100	100
90.081924	1	0	1000	591
90.081924	1	1	1000	591
90.081924	1	2	1000	591
90.081924	1	3	1000	591
90.081924	1	4	1000	591
90.081924	1	5	1000	591
90.081924	1	6	1000	591
90.081924	1	7	1000	591
90.081924	1	8	1000	591
90.081924	1	9	1000	591
90.081924	1	10	1000	591
90.081924	2	0	200	200
90.081924	2	1	200	200
90.081924	2	2	200	200
90.081924	2	3	200	200
90.081924	2	4	200	200
90.081924	2	5	200	200
90.081924	2	6	200	200
90.081924	2	7	200	200
90.081924	2	8	200	200
90.081924	2	9	200	200
90.081924	2	10	200	200
90.081924	2	0	2000	1182
90.081924	2	1	2000	1182
90.081924	2	2	2000	1183
90.081924	2	3	2000	1183
90.081924	2	4	2000	1182
90.081924	2	5	2000	1182
90.081924	2	6	2000	1182
90.081924	2	7	2000	1182
90.081924	2	8	2000	1183
90.081924	2	9	2000	1182
90.081924	2	10	2000	1183
90.081924	4	0	400	400
90.081924	4	1	400	400
90.081924	4	2	400	400
90.081924	4	3	400	400
90.081924	4	4	400	394
90.081924	4	5	400	390
90.081924	4	6	400	390
90.081924	4	7	400	390
90.081924	4	8	400	394
90.081924	4	9	400	399
90.081924	4	10	400	400
90.081924	4	0	4000	1960
90.081924	4	1	4000	2002
90.081924	4	2	4000	2046
90.081924	4	3	4000	2095
90.081924	4	4	4000	2143
90.081924	4	5	4000	2186
90.081924	4	6	4000	2227
90.081924	4	7	4000	2268
90.081924	4	8	4000	2301
90.081924	4	9	4000	2422
90.081924	4	10	4000	2422
100.085670	1	0	100	100
100.085670	1	1	100	100
100.085670	1	2	100	100
100.085670	1	3	100	100
100.085670	1	4	100	100
100.085670	1	5	100	100
100.085670	1	6	100	100
100.085670	1	7	100	100
100.085670	1	8	100	100
100.085670	1	9	100	100
100.085670	1	10	100	100
100.085670	1	0	1000	592
100.085670	1	1	1000	591
100.085670	1	2	1000	591
100.085670	1	3	1000	591
100.085670	1	4	1000	591
100.085670	1	5	1000	591
100.085670	1	6	1000	592
100.085670	1	7	1000	591
100.085670	1	8	1000	591
100.085670	1	9	1000	592
100.085670	1	10	1000	591
100.085670	2	0	200	200
100.085670	2	1	200	200
100.085670	2	2	200	200
100.085670	2	3	200	200
100.085670	2	4	200	200
100.085670	2	5	200	200
100.085670	2	6	200	200
100.085670	2	7	200	200
100.085670	2	8	200	200
100.085670	2	9	200	200
100.085670	2	10	200	200
100.085670	2	0	2000	1182
100.085670	2	1	2000	1183
100.085670	2	2	2000	1182
100.085670	2	3	2000	1182
100.085670	2	4	2000	1183
100.085670	2	5	2000	1182
100.085670	2	6	2000	1182
100.085670	2	7	2000	1183
100.085670	2	8	2000	1183
100.085670	2	9	2000	1183
100.085670	2	10	2000	1182
100.085670	4	0	400	396
100.085670	4	1	400	396
100.085670	4	2	400	396
100.085670	4	3	400	396
100.085670	4	4	400	394
100.085670	4	5	400	390
100.085670	4	6	400	389
100.085670	4	7	400	391
100.085670	4	8	400	396
100.085670	4	9	400	400
100.085670	4	10	400	400
100.085670	4	0	4000	1948
100.085670	4	1	4000	1990
100.085670	4	2	4000	2036
100.085670	4	3	4000	2080
100.085670	4	4	4000	2123
100.085670	4	5	4000	2166
100.085670	4	6	4000	2208
100.085670	4	7	4000	2249
100.085670	4	8	4000	2281
100.085670	4	9	4000	2399
100.085670	4	10	4000	2398
110.091614	1	0	100	100
110.091614	1	1	100	100
110.091614	1	2	100	100
110.091614	1	3	100	100
110.091614	1	4	100	100
110.091614	1	5	100	100
110.091614	1	6	100	100
110.091614	1	7	100	100
110.091614	1	8	100	100
110.091614	1	9	100	100
110.091614	1	10	100	100
110.091614	1	0	1000	591
110.091614	1	1	1000	592
110.091614	1	2	1000	592
110.091614	1	3	1000	591
110.091614	1	4	1000	591
110.091614	1	5	1000	591
110.091614	1	6	1000	591
110.091614	1	7	1000	591
110.091614	1	8	1000	591
110.091614	1	9	1000	591
110.091614	1	10	1000	591
110.091614	2	0	200	200
110.091614	2	1	200	200
110.091614	2	2	200	200
110.091614	2	3	200	200
110.091614	2	4	200	200
110.091614	2	5	200	200
110.091614	2	6	200	200
110.091614	2	7	200	200
110.091614	2	8	200	200
110.091614	2	9	200	200
110.091614	2	10	200	200
110.091614	2	0	2000	1182
110.091614	2	1	2000	1182
110.091614	2	2	2000	1182
110.091614	2	3	2000	1182
110.091614	2	4	2000	1182
110.091614	2	5	2000	1182
110.091614	2	6	2000	1183
110.091614	2	7	2000	1182
110.091614	2	8	2000	1183
110.091614	2	9	2000	1182
110.091614	2	10	2000	1182
110.091614	4	0	400	400
110.091614	4	1	400	400
110.091614	4	2	400	400
110.091614	4	3	400	400
110.091614	4	4	400	398
110.091614	4	5	400	393
110.091614	4	6	400	391
110.091614	4	7	400	389
110.091614	4	8	400	391
110.091614	4	9	400	395
110.091614	4	10	400	400
110.091614	4	0	4000	2027
110.091614	4	1	4000	2067
110.091614	4	2	4000	2112
110.091614	4	3	4000	2159
110.091614	4	4	4000	2208
110.091614	4	5	4000	2258
110.091614	4	6	4000	2306
110.091614	4	7	4000	2355
110.091614	4	8	4000	2403
110.091614	4	9	4000	2436
110.091614	4	10	4000	2555
120.094948	1	0	100	100
120.094948	1	1	100	100
120.094948	1	2	100	100
120.094948	1	3	100	100
120.094948	1	4	100	100
120.094948	1	5	100	100
120.094948	1	6	100	100
120.094948	1	7	100	100
120.094948	1	8	100	100
120.094948	1	9	100	100
120.094948	1	10	100	100
120.094948	1	0	1000	591
120.094948	1	1	1000	591
120.094948	1	2	1000	591
120.094948	1	3	1000	591
120.094948	1	4	1000	591
120.094948	1	5	1000	591
120.094948	1	6	1000	591
120.094948	1	7	1000	591
120.094948	1	8	1000	591
120.094948	1	9	1000	592
120.094948	1	10	1000	591
120.094948	2	0	200	200
120.094948	2	1	200	200
120.094948	2	2	200	200
120.094948	2	3	200	200
120.094948	2	4	200	200
120.094948	2	5	200	200
120.094948	2	6	200	200
120.094948	2	7	200	200
120.094948	2	8	200	200
120.094948	2	9	200	200
120.094948	2	10	200	200
120.094948	2	0	2000	1182
120.094948	2	1	2000	1182
120.094948	2	2	2000	1182
120.094948	2	3	2000	1182
120.094948	2	4	2000	1183
120.094948	2	5	2000	1183
120.094948	2	6	2000	1182
120.094948	2	7	2000	1182
120.094948	2	8	2000	1182
120.094948	2	9	2000	1183
120.094948	2	10	2000	1183
120.094948	4	0	400	400
120.094948	4	1	400	400
120.094948	4	2	400	400
120.094948	4	3	400	400
120.094948	4	4	400	400
120.094948	4	5	400	398
120.094948	4	6	400	394
120.094948	4	7	400	390
120.094948	4	8	400	385
120.094948	4	9	400	383
120.094948	4	10	400	383
120.094948	4	0	4000	2206
120.094948	4	1	4000	2247
120.094948	4	2	4000	2290
120.094948	4	3	4000	2336
120.094948	4	4	4000	2383
120.094948	4	5	4000	2433
120.094948	4	6	4000	2484
120.094948	4	7	4000	2533
120.094948	4	8	4000	2447
120.094948	4	9	4000	2453
120.094948	4	10	4000	2452
130.096680	1	0	100	100
130.096680	1	1	100	100
130.096680	1	2	100	100
130.096680	1	3	100	100
130.096680	1	4	100	100
130.096680	1	5	100	100
130.096680	1	6	100	100
130.096680	1	7	100	100
130.096680	1	8	100	100
130.096680	1	9	100	100
130.096680	1	10	100	100
130.096680	1	0	1000	591
130.096680	1	1	1000	591
130.096680	1	2	1000	591
130.096680	1	3	1000	591
130.096680	1	4	1000	591
130.096680	1	5	1000	591
130.096680	1	6	1000	591
130.096680	1	7	1000	591
130.096680	1	8	1000	591
130.096680	1	9	1000	591
130.096680	1	10	1000	592
130.096680	2	0	200	200
130.096680	2	1	200	200
130.096680	2	2	200	200
130.096680	2	3	200	200
130.096680	2	4	200	200
130.096680	2	5	200	200
130.096680	2	6	200	200
130.096680	2	7	200	200
130.096680	2	8	200	200
130.096680	2	9	200	200
130.096680	2	10	200	200
130.096680	2	0	2000	1183
130.096680	2	1	2000	1183
130.096680	2	2	2000	1182
130.096680	2	3	2000	1183
130.096680	2	4	2000	1182
130.096680	2	5	2000	1183
130.096680	2	6	2000	1182
130.096680	2	7	2000	1183
130.096680	2	8	2000	1182
130.096680	2	9	2000	1182
130.096680	2	10	2000	1182
130.096680	4	0	400	400
130.096680	4	1	400	400
130.096680	4	2	400	400
130.096680	4	3	400	400
130.096680	4	4	400	400
130.096680	4	5	400	399
130.096680	4	6	400	395
130.096680	4	7	400	389
130.096680	4	8	400	384
130.096680	4	9	400	381
130.096680	4	10	400	380
130.096680	4	0	4000	2255
130.096680	4	1	4000	2296
130.096680	4	2	4000	2340
130.096680	4	3	4000	2385
130.096680	4	4	4000	2433
130.096680	4	5	4000	2481
130.096680	4	6	4000	2522
130.096680	4	7	4000	2438
130.096680	4	8	4000	2449
130.096680	4	9	4000	2457
130.096680	4	10	4000	2457
140.101242	1	0	100	100
140.101242	1	1	100	100
140.101242	1	2	100	100
140.101242	1	3	100	100
140.101242	1	4	100	100
140.101242	1	5	100	100
140.101242	1	6	100	100
140.101242	1	7	100	100
140.101242	1	8	100	100
140.101242	1	9	100	100
140.101242	1	10	100	100
140.101242	1	0	1000	591
140.101242	1	1	1000	591
140.101242	1	2	1000	592
140.101242	1	3	1000	591
140.101242	1	4	1000	591
140.101242	1	5	1000	591
140.101242	1	6	1000	592
140.101242	1	7	1000	591
140.101242	1	8	1000	591
140.101242	1	9	1000	591
140.101242	1	10	1000	591
140.101242	2	0	200	200
140.101242	2	1	200	200
140.101242	2	2	200	200
140.101242	2	3	200	200
140.101242	2	4	200	200
140.101242	2	5	200	200
140.101242	2	6	200	200
140.101242	2	7	200	200
140.101242	2	8	200	200
140.101242	2	9	200	200
140.101242	2	10	200	200
140.101242	2	0	2000	1183
140.101242	2	1	2000	1182
140.101242	2	2	2000	1182
140.101242	2	3	2000	1182
140.101242	2	4	2000	1184
140.101242	2	5	2000	1182
140.101242	2	6	2000	1182
140.101242	2	7	2000	1182
140.101242	2	8	2000	1182
140.101242	2	9	2000	1182
140.101242	2	10	2000	1183
140.101242	4	0	400	400
140.101242	4	1	400	400
140.101242	4	2	400	400
140.101242	4	3	400	400
140.101242	4	4	400	400
140.101242	4	5	400	400
140.101242	4	6	400	394
140.101242	4	7	400	388
140.101242	4	8	400	384
140.101242	4	9	400	379
140.101242	4	10	400	378
140.101242	4	0	4000	2359
140.101242	4	1	4000	2398
140.101242	4	2	4000	2443
140.101242	4	3	4000	2489
140.101242	4	4	4000	2536
140.101242	4	5	4000	2584
140.101242	4	6	4000	2420
140.101242	4	7	4000	2441
140.101242	4	8	4000	2452
140.101242	4	9	4000	2457
140.101242	4	10	4000	2460
150.103271	1	0	100	100
150.103271	1	1	100	100
150.103271	1	2	100	100
150.103271	1	3	100	100
150.103271	1	4	100	100
150.103271	1	5	100	100
150.103271	1	6	100	100
150.103271	1	7	100	100
150.103271	1	8	100	100
150.103271	1	9	100	100
150.103271	1	10	100	100
150.103271	1	0	1000	591
150.103271	1	1	1000	591
150.103271	1	2	1000	591
150.103271	1	3	1000	591
150.103271	1	4	1000	591
150.103271	1	5	1000	591
150.103271	1	6	1000	591
150.103271	1	7	1000	591
150.103271	1	8	1000	591
150.103271	1	9	1000	591
150.103271	1	10	1000	591
150.103271	2	0	200	200
150.103271	2	1	200	200
150.103271	2	2	200	200
150.103271	2	3	200	200
150.103271	2	4	200	200
150.103271	2	5	200	200
150.103271	2	6	200	200
150.103271	2	7	200	200
150.103271	2	8	200	200
150.103271	2	9	200	200
150.103271	2	10	200	200
150.103271	2	0	2000	1183
150.103271	2	1	2000	1183
150.103271	2	2	2000	1183
150.103271	2	3	2000	1183
150.103271	2	4	2000	1182
150.103271	2	5	2000	1183
150.103271	2	6	2000	1182
150.103271	2	7	2000	1183
150.103271	2	8	2000	1182
150.103271	2	9	2000	1183
150.103271	2	10	2000	1182
150.103271	4	0	400	400
150.103271	4	1	400	400
150.103271	4	2	400	400
150.103271	4	3	400	400
150.103271	4	4	400	400
150.103271	4	5	400	400
150.103271	4	6	400	395
150.103271	4	7	400	389
150.103271	4	8	400	384
150.103271	4	9	400	379
150.103271	4	10	400	379
150.103271	4	0	4000	2361
150.103271	4	1	4000	2401
150.103271	4	2	4000	2444
150.103271	4	3	4000	2490
150.103271	4	4	4000	2538
150.103271	4	5	4000	2587
150.103271	4	6	4000	2420
150.103271	4	7	4000	2439
150.103271	4	8	4000	2453
150.103271	4	9	4000	2458
150.103271	4	10	4000	2458
160.107498	1	0	100	100
160.107498	1	1	100	100
160.107498	1	2	100	100
160.107498	1	3	100	100
160.107498	1	4	100	100
160.107498	1	5	100	100
160.107498	1	6	100	100
160.107498	1	7	100	100
160.107498	1	8	100	100
160.107498	1	9	100	100
160.107498	1	10	100	100
160.107498	1	0	1000	591
160.107498	1	1	1000	591
160.107498	1	2	1000	591
160.107498	1	3	1000	591
160.107498	1	4	1000	592
160.107498	1	5	1000	592
160.107498	1	6	1000	591
160.107498	1	7	1000	591
160.107498	1	8	1000	591
160.107498	1	9	1000	591
160.107498	1	10	1000	591
160.107498	2	0	200	101
160.107498	2	1	200	101
160.107498	2	2	200	101
160.107498	2	3	200	105
160.107498	2	4	200	122
160.107498	2	5	200	146
160.107498	2	6	200	171
160.107498	2	7	200	194
160.107498	2	8	200	200
160.107498	2	9	200	200
160.107498	2	10	200	200
160.107498	2	0	2000	672
160.107498	2	1	2000	715
160.107498	2	2	2000	760
160.107498	2	3	2000	819
160.107498	2	4	2000	884
160.107498	2	5	2000	948
160.107498	2	6	2000	1008
160.107498	2	7	2000	1054
160.107498	2	8	2000	1174
160.107498	2	9	2000	1180
160.107498	2	10	2000	1182
160.107498	4	0	400	301
160.107498	4	1	400	301
160.107498	4	2	400	301
160.107498	4	3	400	306
160.107498	4	4	400	322
160.107498	4	5	400	346
160.107498	4	6	400	367
160.107498	4	7	400	383
160.107498	4	8	400	382
160.107498	4	9	400	380
160.107498	4	10	400	379
160.107498	4	0	4000	1853
160.107498	4	1	4000	1937
160.107498	4	2	4000	2027
160.107498	4	3	4000	2131
160.107498	4	4	4000	2244
160.107498	4	5	4000	2356
160.107498	4	6	4000	2246
160.107498	4	7	4000	2315
160.107498	4	8	4000	2445
160.107498	4	9	4000	2457
160.107498	4	10	4000	2461
170.109131	1	0	100	100
170.109131	1	1	100	100
170.109131	1	2	100	100
170.109131	1	3	100	100
170.109131	1	4	100	100
170.109131	1	5	100	100
170.109131	1	6	100	100
170.109131	1	7	100	100
170.109131	1	8	100	100
170.109131	1	9	100	100
170.109131	1	10	100	100
170.109131	1	0	1000	600
170.109131	1	1	1000	600
170.109131	1	2	1000	600
170.109131	1	3	1000	600
170.109131	1	4	1000	600
170.109131	1	5	1000	600
170.109131	1	6	1000	601
170.109131	1	7	1000	600
170.109131	1	8	1000	600
170.109131	1	9	1000	600
170.109131	1	10	1000	600
170.109131	2	0	200	109
170.109131	2	1	200	109
170.109131	2	2	200	109
170.109131	2	3	200	113
170.109131	2	4	200	130
170.109131	2	5	200	153
170.109131	2	6	200	177
170.109131	2	7	200	197
170.109131	2	8	200	200
170.109131	2	9	200	200
170.109131	2	10	200	200
170.109131	2	0	2000	688
170.109131	2	1	2000	730
170.109131	2	2	2000	776
170.109131	2	3	2000	834
170.109131	2	4	2000	897
170.109131	2	5	2000	962
170.109131	2	6	2000	1022
170.109131	2	7	2000	1070
170.109131	2	8	2000	1192
170.109131	2	9	2000	1198
170.109131	2	10	2000	1201
170.109131	4	0	400	309
170.109131	4	1	400	309
170.109131	4	2	400	309
170.109131	4	3	400	313
170.109131	4	4	400	330
170.109131	4	5	400	353
170.109131	4	6	400	373
170.109131	4	7	400	385
170.109131	4	8	400	383
170.109131	4	9	400	379
170.109131	4	10	400	379
170.109131	4	0	4000	1879
170.109131	4	1	4000	1962
170.109131	4	2	4000	2053
170.109131	4	3	4000	2156
170.109131	4	4	4000	2267
170.109131	4	5	4000	2385
170.109131	4	6	4000	2277
170.109131	4	7	4000	2347
170.109131	4	8	4000	2479
170.109131	4	9	4000	2492
170.109131	4	10	4000	2497
180.110748	1	0	100	100
180.110748	1	1	100	100
180.110748	1	2	100	100
180.110748	1	3	100	100
180.110748	1	4	100	100
180.110748	1	5	100	100
180.110748	1	6	100	100
180.110748	1	7	100	100
180.110748	1	8	100	100
180.110748	1	9	100	100
180.110748	1	10	100	100
180.110748	1	0	1000	594
180.110748	1	1	1000	594
180.110748	1	2	1000	594
180.110748	1	3	1000	594
180.110748	1	4	1000	595
180.110748	1	5	1000	595
180.110748	1	6	1000	595
180.110748	1	7	1000	595
180.110748	1	8	1000	594
180.110748	1	9	1000	594
180.110748	1	10	1000	594
180.110748	2	0	200	103
180.110748	2	1	200	103
180.110748	2	2	200	103
180.110748	2	3	200	107
180.110748	2	4	200	125
180.110748	2	5	200	148
180.110748	2	6	200	172
180.110748	2	7	200	195
180.110748	2	8	200	200
180.110748	2	9	200	200
180.110748	2	10	200	200
180.110748	2	0	2000	676
180.110748	2	1	2000	719
180.110748	2	2	2000	764
180.110748	2	3	2000	823
180.110748	2	4	2000	887
180.110748	2	5	2000	952
180.110748	2	6	2000	1012
180.110748	2	7	2000	1060
180.110748	2	8	2000	1180
180.110748	2	9	2000	1186
180.110748	2	10	2000	1189
180.110748	4	0	400	303
180.110748	4	1	400	303
180.110748	4	2	400	303
180.110748	4	3	400	307
180.110748	4	4	400	324
180.110748	4	5	400	347
180.110748	4	6	400	368
180.110748	4	7	400	383
180.110748	4	8	400	384
180.110748	4	9	400	381
180.110748	4	10	400	378
180.110748	4	0	4000	1861
180.110748	4	1	4000	1946
180.110748	4	2	4000	2036
180.110748	4	3	4000	2139
180.110748	4	4	4000	2251
180.110748	4	5	4000	2368
180.110748	4	6	4000	2257
180.110748	4	7	4000	2324
180.110748	4	8	4000	2456
180.110748	4	9	4000	2467
180.110748	4	10	4000	2471
190.112869	1	0	100	100
190.112869	1	1	100	100
190.112869	1	2	100	100
190.112869	1	3	100	100
190.112869	1	4	100	100
190.112869	1	5	100	100
190.112869	1	6	100	100
190.112869	1	7	100	100
190.112869	1	8	100	100
190.112869	1	9	100	100
190.112869	1	10	100	100
190.112869	1	0	1000	591
190.112869	1	1	1000	591
190.112869	1	2	1000	591
190.112869	1	3	1000	591
190.112869	1	4	1000	591
190.112869	1	5	1000	591
190.112869	1	6	1000	591
190.112869	1	7	1000	591
190.112869	1	8	1000	591
190.112869	1	9	1000	591
190.112869	1	10	1000	591
190.112869	2	0	200	200
190.112869	2	1	200	200
190.112869	2	2	200	200
190.112869	2	3	200	200
190.112869	2	4	200	200
190.112869	2	5	200	200
190.112869	2	6	200	200
190.112869	2	7	200	200
190.112869	2	8	200	200
190.112869	2	9	200	200
190.112869	2	10	200	200
190.112869	2	0	2000	1182
190.112869	2	1	2000	1183
190.112869	2	2	2000	1182
190.112869	2	3	2000	1182
190.112869	2	4	2000	1182
190.112869	2	5	2000	1182
190.112869	2	6	2000	1183
190.112869	2	7	2000	1183
190.112869	2	8	2000	1183
190.112869	2	9	2000	1182
190.112869	2	10	2000	1182
190.112869	4	0	400	400
190.112869	4	1	400	400
190.112869	4	2	400	400
190.112869	4	3	400	400
190.112869	4	4	400	400
190.112869	4	5	400	400
190.112869	4	6	400	395
190.112869	4	7	400	390
190.112869	4	8	400	383
190.112869	4	9	400	380
190.112869	4	10	400	380
190.112869	4	0	4000	2365
190.112869	4	1	4000	2406
190.112869	4	2	4000	2449
190.112869	4	3	4000	2494
190.112869	4	4	4000	2542
190.112869	4	5	4000	2591
190.112869	4	6	4000	2421
190.112869	4	7	4000	2441
190.112869	4	8	4000	2454
190.112869	4	9	4000	2457
190.112869	4	10	4000	2459
200.000580	1	0	100	100
200.000580	1	1	100	100
200.000580	1	2	100	100
200.000580	1	3	100	100
200.000580	1	4	100	100
200.000580	1	5	100	100
200.000580	1	6	100	100
200.000580	1	7	100	100
200.000580	1	8	100	100
200.000580	1	9	100	100
200.000580	1	10	100	100
200.000580	1	0	1000	591
200.000580	1	1	1000	592
200.000580	1	2	1000	591
200.000580	1	3	1000	591
200.000580	1	4	1000	591
200.000580	1	5	1000	591
200.000580	1	6	1000	591
200.000580	1	7	1000	591
200.000580	1	8	1000	591
200.000580	1	9	1000	591
200.000580	1	10	1000	591
200.000580	2	0	200	200
200.000580	2	1	200	200
200.000580	2	2	200	200
200.000580	2	3	200	200
200.000580	2	4	200	200
200.000580	2	5	200	200
200.000580	2	6	200	200
200.000580	2	7	200	200
200.000580	2	8	200	200
200.000580	2	9	200	200
200.000580	2	10	200	200
200.000580	2	0	2000	1182
200.000580	2	1	2000	1182
200.000580	2	2	2000	1183
200.000580	2	3	2000	1182
200.000580	2	4	2000	1182
200.000580	2	5	2000	1182
200.000580	2	6	2000	1183
200.000580	2	7	2000	1182
200.000580	2	8	2000	1183
200.000580	2	9	2000	1183
200.000580	2	10	2000	1183
200.000580	4	0	400	400
200.000580	4	1	400	400
200.000580	4	2	400	400
200.000580	4	3	400	400
200.000580	4	4	400	400
200.000580	4	5	400	400
200.000580	4	6	400	394
200.000580	4	7	400	389
200.000580	4	8	400	383
200.000580	4	9	400	380
200.000580	4	10	400	379
200.000580	4	0	4000	2365
200.000580	4	1	4000	2406
200.000580	4	2	4000	2449
200.000580	4	3	4000	2495
200.000580	4	4	4000	2543
200.000580	4	5	4000	2592
200.000580	4	6	4000	2420
200.000580	4	7	4000	2441
200.000580	4	8	4000	2452
200.000580	4	9	4000	2459
200.000580	4	10	4000	2459
